# Blender v2.70 (sub 0) OBJ File: ''
# www.blender.org
mtllib monkey.mtl
o Suzanne
v 1.106217 1.959217 -0.438012
v -1.105390 1.958871 -0.438794
v 1.253822 1.774710 -0.271955
v -1.252386 1.775126 -0.273424
v 1.364527 1.516401 -0.179702
v -1.362633 1.517883 -0.181551
v 0.903259 1.608654 0.004805
v -0.903271 1.609756 0.002194
v 0.903259 1.848513 -0.124350
v -0.903271 1.848624 -0.126427
v 0.903259 1.996119 -0.364209
v -0.903271 1.995620 -0.365296
v 0.718752 2.033020 -0.438012
v -0.719526 2.032369 -0.438794
v 0.552696 1.903865 -0.271955
v -0.554155 1.903748 -0.273424
v 0.441992 1.682457 -0.179702
v -0.443908 1.683254 -0.181551
v 0.257485 1.700907 -0.622518
v -0.260163 1.701628 -0.622539
v 0.405090 1.903865 -0.622519
v -0.407159 1.903747 -0.622539
v 0.644949 2.033020 -0.622519
v -0.646028 2.032369 -0.622539
v 0.718752 2.033020 -0.825476
v -0.719526 2.032369 -0.824659
v 0.552696 1.903865 -0.973082
v -0.554155 1.903747 -0.971655
v 0.441992 1.682456 -1.083786
v -0.443908 1.683253 -1.081902
v 0.903259 1.608654 -1.268293
v -0.903271 1.609755 -1.265647
v 0.903259 1.848513 -1.120687
v -0.903271 1.848624 -1.118651
v 0.903259 1.996119 -0.899279
v -0.903271 1.995620 -0.898157
v 1.106217 1.959217 -0.825476
v -1.105390 1.958871 -0.824659
v 1.253822 1.774710 -0.973082
v -1.252386 1.775126 -0.971655
v 1.364527 1.516400 -1.083786
v -1.362633 1.517882 -1.081902
v 1.549034 1.479499 -0.622518
v -1.546379 1.481134 -0.622539
v 1.401428 1.737809 -0.622518
v -1.399382 1.738377 -0.622539
v 1.180020 1.940767 -0.622519
v -1.178888 1.940496 -0.622539
v 1.198470 1.977668 -0.622519
v -1.197263 1.977245 -0.622539
v 1.124668 1.996119 -0.843927
v -1.123765 1.995620 -0.843033
v 0.903259 2.051471 -0.936180
v -0.903271 2.050743 -0.934906
v 0.700301 2.088372 -0.843927
v -0.701151 2.087492 -0.843033
v 0.608048 2.088372 -0.622519
v -0.609279 2.087493 -0.622539
v 0.700301 2.088372 -0.419561
v -0.701151 2.087493 -0.420420
v 0.903259 2.106823 -0.622519
v -0.903271 2.105867 -0.622539
v 0.903259 2.051471 -0.327307
v -0.903271 2.050744 -0.328547
v 1.124668 1.996119 -0.419561
v -1.123765 1.995620 -0.420420
v 0.000000 1.906363 -1.103685
v 0.000000 2.107033 -0.903016
v 0.000000 1.886298 1.745826
v 0.000000 2.006699 0.822745
v 0.000000 2.046833 0.481606
v 0.000000 1.846164 1.986630
v 0.000000 1.545157 -1.043484
v 0.000000 1.464889 -1.464891
v 0.000000 -1.404690 -2.307702
v 0.000000 -2.187302 -1.444821
v 0.000000 -2.127100 -0.180601
v 0.000000 -0.903014 0.983283
v 0.521742 1.444823 0.481607
v -0.521742 1.444823 0.481607
v 0.802679 1.464891 1.123750
v -0.802679 1.464891 1.123750
v 0.903014 1.464891 1.785961
v -0.903014 1.464891 1.785961
v 0.943148 1.364556 2.287635
v -0.943148 1.364556 2.287635
v 0.842813 1.344489 2.428104
v -0.842813 1.344489 2.428104
v 0.461541 1.424757 2.488305
v -0.461541 1.424757 2.488305
v 0.000000 1.484958 2.528439
v 1.123751 1.364555 0.361205
v -1.123751 1.364555 0.361205
v 1.625426 1.384622 0.100334
v -1.625426 1.384622 0.100334
v 2.127100 1.143818 -0.381273
v -2.127100 1.143818 -0.381273
v 2.207368 1.525090 -1.103685
v -2.207368 1.525090 -1.103685
v 1.826096 1.605358 -1.244154
v -1.826096 1.605358 -1.244154
v 1.264220 1.765894 -1.545159
v -1.264220 1.765894 -1.545159
v 0.822746 1.886295 -1.946499
v -0.822746 1.886295 -1.946499
v 0.401340 1.946496 -1.846164
v -0.401340 1.946496 -1.846164
v 0.160536 1.926430 -1.264221
v -0.160536 1.926430 -1.264221
v 0.421407 1.986631 -1.063551
v -0.421407 1.986631 -1.063551
v 0.321072 1.966564 -0.782614
v -0.321072 1.966564 -0.782614
v 0.521742 1.906363 -0.240805
v -0.521742 1.906363 -0.240805
v 0.963215 1.806028 -0.040135
v -0.963215 1.806028 -0.040135
v 1.264220 1.725761 -0.160537
v -1.264220 1.725761 -0.160537
v 1.605359 1.665559 -0.481609
v -1.605359 1.665559 -0.481609
v 1.645493 1.665559 -0.762546
v -1.645493 1.665559 -0.762546
v 1.545158 1.705693 -0.963216
v -1.545158 1.705693 -0.963216
v 1.103684 1.846162 -1.123752
v -1.103684 1.846162 -1.123752
v 0.642143 1.946497 -1.204020
v -0.642143 1.946497 -1.204020
v 0.000000 1.886298 1.966563
v 0.280938 1.886298 1.846161
v -0.280938 1.886298 1.846161
v 0.301005 1.826097 2.147166
v -0.301005 1.826097 2.147166
v 0.160536 1.785963 2.267568
v -0.160536 1.785963 2.267568
v 0.000000 1.765896 2.287635
v 0.000000 1.926431 0.501673
v 0.000000 1.906364 0.361205
v 0.260871 1.906364 0.381271
v -0.260871 1.906364 0.381271
v 0.321072 1.926431 0.581941
v -0.321072 1.926431 0.581941
v 0.220737 1.906364 0.742477
v -0.220737 1.906364 0.742477
v 1.023416 1.725761 0.120401
v -1.023416 1.725761 0.120401
v 1.585292 1.605359 -0.140470
v -1.585292 1.605359 -0.140470
v 1.866230 1.545157 -0.521743
v -1.866230 1.545157 -0.521743
v 1.906363 1.685626 -0.963216
v -1.906363 1.685626 -0.963216
v 1.765895 1.866229 -1.063551
v -1.765895 1.866229 -1.063551
v 1.123751 2.046831 -1.404690
v -1.123751 2.046831 -1.404690
v 0.802679 2.147166 -1.645494
v -0.802679 2.147166 -1.645494
v 0.521742 2.187300 -1.585293
v -0.521742 2.187300 -1.585293
v 0.260871 2.167233 -1.103685
v -0.260871 2.167233 -1.103685
v 0.321072 2.086967 0.260869
v -0.321072 2.086967 0.260869
v 0.541809 1.826096 1.143817
v -0.541809 1.826096 1.143817
v 0.642143 1.765896 1.806027
v -0.642143 1.765896 1.806027
v 0.682277 1.705695 2.107032
v -0.682277 1.705695 2.107032
v 0.602010 1.625427 2.347836
v -0.602010 1.625427 2.347836
v 0.421407 1.625427 2.387970
v -0.421407 1.625427 2.387970
v 0.000000 1.645494 2.428104
v 0.000000 1.866229 -0.120403
v 0.000000 1.966564 -0.541810
v 0.842813 1.906363 -1.224087
v -0.842813 1.906363 -1.224087
v 0.421407 1.926430 -0.361207
v -0.421407 1.926430 -0.361207
v 0.341139 1.946497 -0.541810
v -0.341139 1.946497 -0.541810
v 0.301005 1.886298 1.765893
v -0.301005 1.886298 1.765893
v 0.200670 1.926431 1.143817
v -0.200670 1.926431 1.143817
v 0.000000 1.926431 1.143817
v 0.000000 1.906364 0.842812
v 0.240804 2.006699 0.702343
v -0.240804 2.006699 0.702343
v 0.341139 2.046833 0.581941
v -0.341139 2.046833 0.581941
v 0.280938 2.006699 0.341137
v -0.280938 2.006699 0.341137
v 0.100335 2.006699 0.321070
v -0.100335 2.006699 0.321070
v 0.000000 2.127101 0.521740
v 0.120402 2.086967 0.381271
v -0.120402 2.086967 0.381271
v 0.240804 2.086967 0.401338
v -0.240804 2.086967 0.401338
v 0.280938 2.127101 0.581941
v -0.280938 2.127101 0.581941
v 0.200670 2.066900 0.642142
v -0.200670 2.066900 0.642142
v 0.000000 2.066900 0.742477
v 0.662210 1.424756 0.802678
v -0.662210 1.424756 0.802678
v 0.421407 1.826096 0.622075
v -0.421407 1.826096 0.622075
v 0.461541 1.826096 0.802678
v -0.461541 1.826096 0.802678
v 0.602010 1.424756 0.642143
v -0.602010 1.424756 0.642143
v 0.000000 1.765896 2.247501
v 0.120402 1.765896 2.227434
v -0.120402 1.765896 2.227434
v 0.240804 1.826097 2.107032
v -0.240804 1.826097 2.107032
v 0.240804 1.866231 1.906362
v -0.240804 1.866231 1.906362
v 0.000000 1.685628 2.006697
v 0.240804 1.705695 1.926429
v -0.240804 1.705695 1.926429
v 0.240804 1.645494 2.086965
v -0.240804 1.645494 2.086965
v 0.120402 1.625427 2.187300
v -0.120402 1.625427 2.187300
v 0.000000 1.625427 2.207367
v 0.441474 2.006698 -0.561877
v -0.441474 2.006698 -0.561877
v 0.481608 1.986631 -0.401341
v -0.481608 1.986631 -0.401341
v 0.862880 1.946497 -1.103685
v -0.862880 1.946497 -1.103685
v 0.702344 1.986631 -1.083618
v -0.702344 1.986631 -1.083618
v 1.083617 1.986631 -1.023417
v -1.083617 1.986631 -1.023417
v 1.444823 1.785961 -0.903015
v -1.444823 1.785961 -0.903015
v 1.505024 1.765894 -0.742480
v -1.505024 1.765894 -0.742480
v 1.484957 1.745827 -0.501676
v -1.484957 1.745827 -0.501676
v 1.224086 1.846162 -0.260872
v -1.224086 1.846162 -0.260872
v 0.963215 1.906363 -0.160537
v -0.963215 1.906363 -0.160537
v 0.581943 2.006698 -0.280939
v -0.581943 2.006698 -0.280939
v 0.461541 2.006698 -0.762547
v -0.461541 2.006698 -0.762547
v 0.541809 2.006698 -0.963217
v -0.541809 2.006698 -0.963217
v 0.602010 1.946497 -0.923083
v -0.602010 1.946497 -0.923083
v 0.501675 1.946497 -0.762547
v -0.501675 1.946497 -0.762547
v 0.622077 1.946497 -0.321073
v -0.622077 1.946497 -0.321073
v 0.963215 1.866229 -0.220738
v -0.963215 1.866229 -0.220738
v 1.183952 1.806028 -0.301006
v -1.183952 1.806028 -0.301006
v 1.404689 1.725760 -0.541810
v -1.404689 1.725760 -0.541810
v 1.424756 1.725760 -0.722413
v -1.424756 1.725760 -0.722413
v 1.364555 1.745827 -0.862881
v -1.364555 1.745827 -0.862881
v 1.063550 1.926430 -1.003350
v -1.063550 1.926430 -1.003350
v 0.722411 1.966564 -1.023417
v -0.722411 1.966564 -1.023417
v 0.862880 1.926430 -1.043484
v -0.862880 1.926430 -1.043484
v 0.521742 1.926430 -0.441475
v -0.521742 1.926430 -0.441475
v 0.501675 1.926430 -0.581944
v -0.501675 1.926430 -0.581944
v 0.280938 1.565224 -1.183953
v -0.280938 1.565224 -1.183953
v 0.501675 1.585291 -1.705695
v -0.501675 1.585291 -1.705695
v 0.862880 1.525090 -1.765896
v -0.862880 1.525090 -1.765896
v 1.244153 1.424755 -1.424757
v -1.244153 1.424755 -1.424757
v 1.745828 1.264219 -1.163886
v -1.745828 1.264219 -1.163886
v 2.046832 1.183951 -1.043484
v -2.046832 1.183951 -1.043484
v 1.986631 0.963215 -0.421407
v -1.986631 0.963215 -0.421407
v 1.545158 1.063550 -0.000001
v -1.545158 1.063550 -0.000001
v 1.123751 1.204019 0.240803
v -1.123751 1.204019 0.240803
v 0.000000 0.742477 -2.307704
v 0.000000 -0.200671 -2.528440
v 0.000000 -1.725760 0.501676
v 0.000000 0.481608 1.183952
v 0.000000 1.183954 2.508372
v 0.000000 0.882949 2.066899
v 0.000000 0.822747 1.464889
v 0.000000 0.722412 1.244153
v 2.187301 0.140469 -0.602010
v -2.187301 0.140469 -0.602010
v 2.207368 -0.120402 -0.822746
v -2.207368 -0.120402 -0.822746
v 1.986631 -1.123752 -0.682277
v -1.986631 -1.123752 -0.682277
v 1.183952 -1.806029 -1.123750
v -1.183952 -1.806029 -1.123750
v 1.886297 0.180603 0.120402
v -1.886297 0.180603 0.120402
v 1.525091 -0.421406 0.321072
v -1.525091 -0.421406 0.321072
v 1.645493 -1.103684 0.020068
v -1.645493 -1.103684 0.020068
v 0.862880 -1.705694 -0.140468
v -0.862880 -1.705694 -0.140468
v 0.602010 1.043484 0.903014
v -0.602010 1.043484 0.903014
v 0.461541 0.662211 1.063550
v -0.461541 0.662211 1.063550
v 0.742478 0.983283 1.826095
v -0.742478 0.983283 1.826095
v 0.642143 1.003350 1.284286
v -0.642143 1.003350 1.284286
v 0.842813 1.023418 2.347836
v -0.842813 1.023418 2.347836
v 0.361206 0.943150 1.946497
v -0.361206 0.943150 1.946497
v 0.321072 0.923082 1.384621
v -0.321072 0.923082 1.384621
v 0.421407 1.123753 2.428104
v -0.421407 1.123753 2.428104
v 0.561876 1.103685 0.722411
v -0.561876 1.103685 0.722411
v 0.541809 1.204019 0.581942
v -0.541809 1.204019 0.581942
v 0.521742 1.284287 0.441473
v -0.521742 1.284287 0.441473
v 0.541809 0.421407 1.003349
v -0.541809 0.421407 1.003349
v 0.762545 -0.682277 0.802680
v -0.762545 -0.682277 0.802680
v 0.882947 -1.384622 0.381274
v -0.882947 -1.384622 0.381274
v 1.163885 -0.983284 -2.227435
v -1.163885 -0.983284 -2.227435
v 1.163885 -0.180604 -2.387971
v -1.163885 -0.180604 -2.387971
v 1.163885 0.602008 -2.187302
v -1.163885 0.602008 -2.187302
v 1.183952 1.103683 -1.344489
v -1.183952 1.103683 -1.344489
v 1.866230 0.862880 -1.043484
v -1.866230 0.862880 -1.043484
v 1.625426 0.722411 -1.163886
v -1.625426 0.722411 -1.163886
v 1.645493 0.140468 -1.806029
v -1.645493 0.140468 -1.806029
v 2.046832 0.321071 -1.444823
v -2.046832 0.321071 -1.444823
v 2.046832 -0.301006 -1.585292
v -2.046832 -0.301006 -1.585292
v 1.645493 -0.501676 -1.926430
v -1.645493 -0.501676 -1.926430
v 1.645493 -1.143819 -1.745827
v -1.645493 -1.143819 -1.745827
v 2.046832 -0.923082 -1.384621
v -2.046832 -0.923082 -1.384621
v 1.585292 -1.505024 -0.842812
v -1.585292 -1.505024 -0.842812
v 1.244153 -1.404689 -0.060200
v -1.244153 -1.404689 -0.060200
v 2.107033 -0.521742 -0.842813
v -2.107033 -0.521742 -0.842813
v 1.043483 0.381273 0.441473
v -1.043483 0.381273 0.441473
v 1.103684 -0.541808 0.501675
v -1.103684 -0.541808 0.501675
v 2.287636 -0.602010 -1.043483
v -2.287636 -0.602010 -1.043483
v 1.986631 -0.321072 0.361206
v -1.986631 -0.321072 0.361206
v 2.668909 -0.842813 0.260871
v -2.668909 -0.842813 0.260871
v 3.290985 -1.103684 -0.140468
v -3.290985 -1.103684 -0.140468
v 3.471588 -1.083618 -0.822746
v -3.471588 -1.083618 -0.822746
v 3.170583 -1.083618 -1.304353
v -3.170583 -1.083618 -1.304353
v 2.628775 -0.802680 -1.224086
v -2.628775 -0.802680 -1.224086
v 2.608708 -0.742479 -1.063550
v -2.608708 -0.742479 -1.063550
v 3.050182 -1.003350 -1.123750
v -3.050182 -1.003350 -1.123750
v 3.250851 -1.043484 -0.742478
v -3.250851 -1.043484 -0.742478
v 3.110383 -1.043483 -0.200669
v -3.110383 -1.043483 -0.200669
v 2.648842 -0.782612 0.100335
v -2.648842 -0.782612 0.100335
v 2.127100 -0.341139 0.180603
v -2.127100 -0.341139 0.180603
v 2.367904 -0.561876 -0.923081
v -2.367904 -0.561876 -0.923081
v 2.428105 -0.742479 -0.782612
v -2.428105 -0.742479 -0.782612
v 2.267569 -0.541809 0.060201
v -2.267569 -0.541809 0.060201
v 2.668909 -0.943148 0.000001
v -2.668909 -0.943148 0.000001
v 3.050182 -1.143818 -0.240803
v -3.050182 -1.143818 -0.240803
v 3.170583 -1.143818 -0.642143
v -3.170583 -1.143818 -0.642143
v 3.010048 -1.123752 -0.923081
v -3.010048 -1.123752 -0.923081
v 2.628775 -0.923082 -0.882947
v -2.628775 -0.923082 -0.882947
v 2.167234 -0.541809 -0.742478
v -2.167234 -0.541809 -0.742478
v 2.147167 -0.702345 -0.441473
v -2.147167 -0.702345 -0.441473
v 1.946497 -0.702345 -0.240803
v -1.946497 -0.702345 -0.240803
v 2.107033 -0.702345 -0.220736
v -2.107033 -0.702345 -0.220736
v 2.167234 -0.702344 -0.040134
v -2.167234 -0.702344 -0.040134
v 2.086966 -0.702344 0.040134
v -2.086966 -0.702344 0.040134
v 1.866230 -0.180603 0.000000
v -1.866230 -0.180603 0.000000
v 1.846163 -0.441474 0.060201
v -1.846163 -0.441474 0.060201
v 1.846163 -0.481608 -0.100335
v -1.846163 -0.481608 -0.100335
v 2.046832 -0.541809 -0.521741
v -2.046832 -0.541809 -0.521741
v 2.287636 -0.682278 -0.622076
v -2.287636 -0.682278 -0.622076
v 2.287636 -0.822747 -0.602009
v -2.287636 -0.822747 -0.602009
v 2.086966 -0.822746 0.040134
v -2.086966 -0.822746 0.040134
v 2.187301 -0.822746 -0.040133
v -2.187301 -0.822746 -0.040133
v 2.127100 -0.822746 -0.200669
v -2.127100 -0.822746 -0.200669
v 1.966564 -0.822747 -0.240803
v -1.966564 -0.822747 -0.240803
v 2.167234 -0.822747 -0.441473
v -2.167234 -0.822747 -0.441473
v 2.668909 -1.063551 -0.842813
v -2.668909 -1.063551 -0.842813
v 3.050182 -1.244154 -0.882946
v -3.050182 -1.244154 -0.882946
v 3.230784 -1.264220 -0.622076
v -3.230784 -1.264220 -0.622076
v 3.110383 -1.244153 -0.220736
v -3.110383 -1.244153 -0.220736
v 2.688976 -1.083617 0.000001
v -2.688976 -1.083617 0.000001
v 2.267569 -0.682277 0.040134
v -2.267569 -0.682277 0.040134
v 2.448172 -0.882948 -0.742478
v -2.448172 -0.882948 -0.742478
v 2.287636 -0.842813 -0.280937
v -2.287636 -0.842813 -0.280937
v 2.408038 -0.862880 -0.160535
v -2.408038 -0.862880 -0.160535
v 2.568574 -0.943148 -0.321071
v -2.568574 -0.943148 -0.321071
v 2.468239 -0.903015 -0.441473
v -2.468239 -0.903015 -0.441473
v 2.608708 -0.963216 -0.602009
v -2.608708 -0.963216 -0.602009
v 2.709043 -0.983283 -0.481607
v -2.709043 -0.983283 -0.481607
v 2.849512 -1.003350 -0.541808
v -2.849512 -1.003350 -0.541808
v 2.789311 -1.003350 -0.702344
v -2.789311 -1.003350 -0.702344
v 2.628775 -1.244154 -1.123750
v -2.628775 -1.244154 -1.123750
v 3.210717 -1.404690 -1.204018
v -3.210717 -1.404690 -1.204018
v 3.511722 -1.284287 -0.762545
v -3.511722 -1.284287 -0.762545
v 3.371253 -1.364555 -0.140468
v -3.371253 -1.364555 -0.140468
v 2.668909 -1.264220 0.220738
v -2.668909 -1.264220 0.220738
v 2.026765 -0.842813 0.321072
v -2.026765 -0.842813 0.321072
v 2.207368 -0.983283 -0.983282
v -2.207368 -0.983283 -0.983282
usemtl Fur
s off
f 89 174 176 91
f 176 175 90 91
f 87 172 174 89
f 175 173 88 90
f 85 170 172 87
f 173 171 86 88
f 83 168 170 85
f 171 169 84 86
f 81 166 168 83
f 169 167 82 84
f 79 92 146 164
f 147 93 80 165
f 92 94 148 146
f 149 95 93 147
f 94 96 150 148
f 151 97 95 149
f 96 98 152 150
f 153 99 97 151
f 98 100 154 152
f 155 101 99 153
f 100 102 156 154
f 157 103 101 155
f 102 104 158 156
f 159 105 103 157
f 104 106 160 158
f 161 107 105 159
f 106 108 162 160
f 163 109 107 161
f 108 67 68 162
f 68 67 109 163
f 110 128 160 162
f 161 129 111 163
f 128 179 158 160
f 159 180 129 161
f 126 156 158 179
f 159 157 127 180
f 124 154 156 126
f 157 155 125 127
f 122 152 154 124
f 155 153 123 125
f 120 150 152 122
f 153 151 121 123
f 118 148 150 120
f 151 149 119 121
f 116 146 148 118
f 149 147 117 119
f 114 164 146 116
f 147 165 115 117
f 114 181 177 164
f 177 182 115 165
f 110 162 68 112
f 68 163 111 113
f 112 68 178 183
f 178 68 113 184
f 177 181 183 178
f 184 182 177 178
f 135 137 176 174
f 176 137 136 175
f 133 135 174 172
f 175 136 134 173
f 131 133 172 170
f 173 134 132 171
f 166 187 185 168
f 186 188 167 169
f 131 170 168 185
f 169 171 132 186
f 144 190 189 187
f 189 190 145 188
f 185 187 189 69
f 189 188 186 69
f 130 131 185 69
f 186 132 130 69
f 142 193 191 144
f 192 194 143 145
f 140 195 193 142
f 194 196 141 143
f 139 197 195 140
f 196 198 139 141
f 138 71 197 139
f 198 71 138 139
f 190 144 191 70
f 192 145 190 70
f 70 191 206 208
f 207 192 70 208
f 71 199 200 197
f 201 199 71 198
f 197 200 202 195
f 203 201 198 196
f 195 202 204 193
f 205 203 196 194
f 193 204 206 191
f 207 205 194 192
f 199 204 202 200
f 203 205 199 201
f 199 208 206 204
f 207 208 199 205
f 139 140 164 177
f 165 141 139 177
f 140 142 211 164
f 212 143 141 165
f 142 144 213 211
f 214 145 143 212
f 144 187 166 213
f 167 188 145 214
f 81 209 213 166
f 214 210 82 167
f 209 215 211 213
f 212 216 210 214
f 79 164 211 215
f 212 165 80 216
f 183 181 234 232
f 235 182 184 233
f 112 183 232 254
f 233 184 113 255
f 110 112 254 256
f 255 113 111 257
f 181 114 252 234
f 253 115 182 235
f 114 116 250 252
f 251 117 115 253
f 116 118 248 250
f 249 119 117 251
f 118 120 246 248
f 247 121 119 249
f 120 122 244 246
f 245 123 121 247
f 122 124 242 244
f 243 125 123 245
f 124 126 240 242
f 241 127 125 243
f 126 179 236 240
f 237 180 127 241
f 179 128 238 236
f 239 129 180 237
f 128 110 256 238
f 257 111 129 239
f 238 256 258 276
f 259 257 239 277
f 236 238 276 278
f 277 239 237 279
f 240 236 278 274
f 279 237 241 275
f 242 240 274 272
f 275 241 243 273
f 244 242 272 270
f 273 243 245 271
f 246 244 270 268
f 271 245 247 269
f 248 246 268 266
f 269 247 249 267
f 250 248 266 264
f 267 249 251 265
f 252 250 264 262
f 265 251 253 263
f 234 252 262 280
f 263 253 235 281
f 256 254 260 258
f 261 255 257 259
f 254 232 282 260
f 283 233 255 261
f 232 234 280 282
f 281 235 233 283
f 67 108 284 73
f 285 109 67 73
f 108 106 286 284
f 287 107 109 285
f 106 104 288 286
f 289 105 107 287
f 104 102 290 288
f 291 103 105 289
f 102 100 292 290
f 293 101 103 291
f 100 98 294 292
f 295 99 101 293
f 98 96 296 294
f 297 97 99 295
f 96 94 298 296
f 299 95 97 297
f 94 92 300 298
f 301 93 95 299
f 308 309 328 338
f 329 309 308 339
f 307 308 338 336
f 339 308 307 337
f 306 307 336 340
f 337 307 306 341
f 89 91 306 340
f 306 91 90 341
f 87 89 340 334
f 341 90 88 335
f 85 87 334 330
f 335 88 86 331
f 83 85 330 332
f 331 86 84 333
f 330 336 338 332
f 339 337 331 333
f 330 334 340 336
f 341 335 331 337
f 326 332 338 328
f 339 333 327 329
f 81 83 332 326
f 333 84 82 327
f 209 342 344 215
f 345 343 210 216
f 81 326 342 209
f 343 327 82 210
f 79 215 344 346
f 345 216 80 347
f 79 346 300 92
f 301 347 80 93
f 77 324 352 304
f 353 325 77 304
f 304 352 350 78
f 351 353 304 78
f 78 350 348 305
f 349 351 78 305
f 305 348 328 309
f 329 349 305 309
f 326 328 348 342
f 349 329 327 343
f 296 298 318 310
f 319 299 297 311
f 76 316 324 77
f 325 317 76 77
f 302 358 356 303
f 357 359 302 303
f 303 356 354 75
f 355 357 303 75
f 75 354 316 76
f 317 355 75 76
f 292 294 362 364
f 363 295 293 365
f 364 362 368 366
f 369 363 365 367
f 366 368 370 372
f 371 369 367 373
f 372 370 376 374
f 377 371 373 375
f 314 378 374 376
f 375 379 315 377
f 316 354 374 378
f 375 355 317 379
f 354 356 372 374
f 373 357 355 375
f 356 358 366 372
f 367 359 357 373
f 358 360 364 366
f 365 361 359 367
f 290 292 364 360
f 365 293 291 361
f 74 360 358 302
f 359 361 74 302
f 284 286 288 290
f 289 287 285 291
f 284 290 360 74
f 361 291 285 74
f 73 284 74
f 74 285 73
f 294 296 310 362
f 311 297 295 363
f 310 312 368 362
f 369 313 311 363
f 312 382 370 368
f 371 383 313 369
f 314 376 370 382
f 371 377 315 383
f 348 350 386 384
f 387 351 349 385
f 318 384 386 320
f 387 385 319 321
f 298 300 384 318
f 385 301 299 319
f 300 344 342 384
f 343 345 301 385
f 342 348 384
f 385 349 343
f 300 346 344
f 345 347 301
f 314 322 380 378
f 381 323 315 379
f 316 378 380 324
f 381 379 317 325
f 320 386 380 322
f 381 387 321 323
f 350 352 380 386
f 381 353 351 387
f 324 380 352
f 353 381 325
f 400 388 414 402
f 415 389 401 403
f 400 402 404 398
f 405 403 401 399
f 398 404 406 396
f 407 405 399 397
f 396 406 408 394
f 409 407 397 395
f 394 408 410 392
f 411 409 395 393
f 392 410 412 390
f 413 411 393 391
f 410 420 418 412
f 419 421 411 413
f 408 422 420 410
f 421 423 409 411
f 406 424 422 408
f 423 425 407 409
f 404 426 424 406
f 425 427 405 407
f 402 428 426 404
f 427 429 403 405
f 402 414 416 428
f 417 415 403 429
f 318 320 444 442
f 445 321 319 443
f 320 390 412 444
f 413 391 321 445
f 310 318 442 312
f 443 319 311 313
f 382 430 414 388
f 415 431 383 389
f 412 418 440 444
f 441 419 413 445
f 432 448 446 434
f 447 449 433 435
f 430 448 432 450
f 433 449 431 451
f 414 430 450 416
f 451 431 415 417
f 312 448 430 382
f 431 449 313 383
f 312 442 446 448
f 447 443 313 449
f 442 444 446
f 447 445 443
f 416 450 452 476
f 453 451 417 477
f 450 432 462 452
f 463 433 451 453
f 432 434 460 462
f 461 435 433 463
f 434 436 458 460
f 440 418 474 454
f 475 419 441 455
f 428 416 476 464
f 477 417 429 465
f 426 428 464 466
f 465 429 427 467
f 424 426 466 468
f 467 427 425 469
f 422 424 468 470
f 469 425 423 471
f 420 422 470 472
f 471 423 421 473
f 418 420 472 474
f 473 421 419 475
f 392 390 504 502
f 505 391 393 503
f 394 392 502 500
f 503 393 395 501
f 396 394 500 498
f 501 395 397 499
f 398 396 498 496
f 499 397 399 497
f 400 398 496 494
f 497 399 401 495
f 388 400 494 506
f 495 401 389 507
f 494 502 504 506
f 505 503 495 507
f 494 496 500 502
f 501 497 495 503
f 496 498 500
f 501 499 497
f 314 382 388 506
f 389 383 315 507
f 314 506 504 322
f 505 507 315 323
f 320 322 504 390
f 505 323 321 391
usemtl Flesh
f 438 446 444 440
f 445 447 439 441
f 434 446 438 436
f 439 447 435 437
f 459 437 435 461
f 436 438 456 458
f 457 439 437 459
f 438 440 454 456
f 455 441 439 457
f 458 456 480 478
f 481 457 459 479
f 478 480 482 484
f 483 481 479 485
f 484 482 488 486
f 489 483 485 487
f 486 488 490 492
f 491 489 487 493
f 464 476 486 492
f 487 477 465 493
f 452 484 486 476
f 487 485 453 477
f 452 462 478 484
f 479 463 453 485
f 458 478 462 460
f 463 479 459 461
f 454 474 480 456
f 481 475 455 457
f 472 482 480 474
f 481 483 473 475
f 470 488 482 472
f 483 489 471 473
f 468 490 488 470
f 489 491 469 471
f 466 492 490 468
f 491 493 467 469
f 464 492 466
f 467 493 465
usemtl Eyeball
f 47 1 3 45
f 4 2 48 46
f 45 3 5 43
f 6 4 46 44
f 3 9 7 5
f 8 10 4 6
f 1 11 9 3
f 10 12 2 4
f 11 13 15 9
f 16 14 12 10
f 9 15 17 7
f 18 16 10 8
f 15 21 19 17
f 20 22 16 18
f 13 23 21 15
f 22 24 14 16
f 23 25 27 21
f 28 26 24 22
f 21 27 29 19
f 30 28 22 20
f 27 33 31 29
f 32 34 28 30
f 25 35 33 27
f 34 36 26 28
f 35 37 39 33
f 40 38 36 34
f 33 39 41 31
f 42 40 34 32
f 39 45 43 41
f 44 46 40 42
f 37 47 45 39
f 46 48 38 40
f 47 37 51 49
f 52 38 48 50
f 37 35 53 51
f 54 36 38 52
f 35 25 55 53
f 56 26 36 54
f 25 23 57 55
f 58 24 26 56
f 23 13 59 57
f 60 14 24 58
f 13 11 63 59
f 64 12 14 60
f 11 1 65 63
f 66 2 12 64
f 1 47 49 65
f 50 48 2 66
usemtl Eye
f 61 65 49
f 50 66 62
f 63 65 61
f 62 66 64
f 61 59 63
f 64 60 62
f 61 57 59
f 60 58 62
f 61 55 57
f 58 56 62
f 61 53 55
f 56 54 62
f 61 51 53
f 54 52 62
f 61 49 51
f 52 50 62
usemtl Mouth
f 217 218 229 231
f 230 219 217 231
f 218 220 227 229
f 228 221 219 230
f 220 222 225 227
f 226 223 221 228
f 222 72 224 225
f 224 72 223 226
f 224 231 229 225
f 230 231 224 226
f 225 229 227
f 228 230 226
usemtl Lips
f 131 130 72 222
f 72 130 132 223
f 133 131 222 220
f 223 132 134 221
f 135 133 220 218
f 221 134 136 219
f 137 135 218 217
f 219 136 137 217
